1 10 103578 701
2 10 126693 828
3 10 124499 577
4 10 125946 835
5 10 106394 678
6 10 138326 944
7 10 188756 1010
8 10 143432 772
9 10 163467 835
10 10 157228 648
11 15 285970 1081
12 15 238279 866
13 15 318339 1533
14 15 269531 1014
15 15 252317 989
16 15 286037 1174
17 15 241802 940
18 15 304076 1162
19 15 253718 1066
20 15 277492 1239
21 20 420865 1178
22 20 261985 991
23 20 315022 1404
24 20 229974 877
25 20 300983 1357
26 20 262055 1197
27 20 263837 1120
28 20 294908 1465
29 20 257198 1005
30 20 279582 1079
31 25 360114 1350
32 25 571971 1442
33 25 706814 1501
34 25 455159 1205
35 25 533738 1655
36 25 484716 1500
37 25 488949 1428
38 25 468114 1267
39 25 339396 1401
40 25 603478 1186
41 30 779538 1512
42 30 766584 1552
43 30 713594 1787
44 30 427662 1432
45 30 440474 1491
46 30 459965 1917
47 30 417146 1467
48 30 451444 1635
49 30 482866 1792
50 30 518893 1737
51 35 580091 2058
52 35 615272 2283
53 35 572678 1920
54 35 673598 2127
55 35 758057 2250
56 35 606785 2152
57 35 528528 1646
58 35 577994 1963
59 35 572589 2091
60 35 784476 2174
61 40 952945 2355
62 40 921386 2432
63 40 1.02486e+06 2357
64 40 894428 2441
65 40 1.11478e+06 2351
66 40 1.20098e+06 2514
67 40 1.14468e+06 2677
68 40 1.14883e+06 2804
69 40 1.04974e+06 2375
70 40 892944 2252
71 45 1.07907e+06 2853
72 45 1.1769e+06 2801
73 45 1.00727e+06 2827
74 45 1.02247e+06 2824
75 45 1.097e+06 2614
76 45 1.0405e+06 2866
77 45 951265 2291
78 45 1.37706e+06 3091
79 45 1.23436e+06 2990
80 45 1.08588e+06 3189
81 50 1.83304e+06 3173
82 50 1.84375e+06 3158
83 50 1.6204e+06 3796
84 50 1.46441e+06 3744
85 50 1.34705e+06 3900
86 50 1.20341e+06 3523
87 50 1.29053e+06 3380
88 50 1.22244e+06 3168
89 50 1.34953e+06 3514
90 50 1.3064e+06 3260
91 55 1.77948e+06 3332
92 55 1.63569e+06 4453
93 55 1.75964e+06 4403
94 55 1.59215e+06 3778
95 55 1.68271e+06 3759
96 55 1.49951e+06 3874
97 55 1.62706e+06 3691
98 55 1.58519e+06 4316
99 55 2.21754e+06 4248
100 55 2.28979e+06 4397
