1 10 11580.6  701
2 10 13848.9  828
3 10 9546.8  577
4 10 13215.3  835
5 10 11427.3  678
6 10 14282.7  944
7 10 14750.4  1010
8 10 12919.4  772
9 10 11821.2  835
10 10 10910.1  648
11 15 18081.6  1081
12 15 16381.2  866
13 15 24318.2  1533
14 15 18066.2  1014
15 15 17444  989
16 15 19900  1174
17 15 16320.7  940
18 15 21370.8  1162
19 15 18029.4  1066
20 15 21144.6  1239
21 20 23282.3  1178
22 20 18682.2  991
23 20 26348.1  1404
24 20 17749.8  877
25 20 24718.2  1357
26 20 21992.8  1197
27 20 21445.6  1120
28 20 24807.8  1465
29 20 20636.7  1005
30 20 21659.7  1079
31 25 27110.8  1350
32 25 28849.2  1442
33 25 30182.5  1501
34 25 26417.7  1205
35 25 31897.9  1655
36 25 29147.4  1500
37 25 28028.9  1428
38 25 26134  1267
39 25 27101.2  1401
40 25 24472.4  1186
41 30 32745.2  1512
42 30 33396.3  1552
43 30 36662.3  1787
44 30 30739.6  1432
45 30 33269.9  1491
46 30 38055.9  1917
47 30 31659.5  1467
48 30 34604  1635
49 30 37228.9  1792
50 30 36295.7  1737
51 35 42875.6  2058
52 35 48081.7  2283
53 35 41297.8  1920
54 35 42859.2  2127
55 35 48031.6  2250
56 35 46249.3  2152
57 35 37968.4  1646
58 35 40312.4  1963
59 35 44327.3  2091
60 35 48256.2  2174
61 40 51564  2355
62 40 53459.5  2432
63 40 53938.4  2357
64 40 53630.1  2441
65 40 52790.8  2351
66 40 56022.9  2514
67 40 57001.6  2677
68 40 61456.7  2804
69 40 53346  2375
70 40 52393.9  2252
71 45 64575.3  2853
72 45 64859.3  2801
73 45 62460.2  2827
74 45 61922.4  2824
75 45 58852.9  2614
76 45 64958  2866
77 45 55495.4  2291
78 45 68902.1  3091
79 45 67622.3  2990
80 45 69496  3189
81 50 74675.6  3173
82 50 73193.3  3158
83 50 85411.2  3796
84 50 81434.7  3744
85 50 84810.1  3900
86 50 79986.9  3523
87 50 77863.2  3380
88 50 71061.9  3168
89 50 77801.1  3514
90 50 74828.4  3260
91 55 79989.1  3332
92 55 98781.1  4453
93 55 98293.8  4403
94 55 88341.8  3778
95 55 90194.6  3759
96 55 87691.7  3874
97 55 91001.8  3691
98 55 94771.3  4316
99 55 98427.2  4248
100 55 99294.1  4397
