1 10 4020.3 701
2 10 4166.5 828
3 10 2902.7 577
4 10 3804.3 835
5 10 3394.6 678
6 10 4133.5 944
7 10 4123.5 1010
8 10 3804.1 772
9 10 3606 835
10 10 3179.7 648
11 15 5708.8 1081
12 15 5222.9 866
13 15 7040 1533
14 15 5649.7 1014
15 15 5562.1 989
16 15 6086.9 1174
17 15 5234.3 940
18 15 6534.1 1162
19 15 5791.2 1066
20 15 6296.5 1239
21 20 7683 1178
22 20 6624.4 991
23 20 8446.2 1404
24 20 6240.7 877
25 20 7944.6 1357
26 20 7342.3 1197
27 20 7232.9 1120
28 20 8114.6 1465
29 20 6899.9 1005
30 20 7153.8 1079
31 25 9454.3 1350
32 25 9986 1442
33 25 10527.4 1501
34 25 9160.7 1205
35 25 10758.7 1655
36 25 10131.7 1500
37 25 9763.8 1428
38 25 9302.9 1267
39 25 9384.4 1401
40 25 8697.6 1186
41 30 11950.8 1512
42 30 11980.5 1552
43 30 12983.4 1787
44 30 11277.5 1432
45 30 12148.7 1491
46 30 13244.9 1917
47 30 11717.5 1467
48 30 12450.7 1635
49 30 13089.7 1792
50 30 12926.1 1737
51 35 15619.9 2058
52 35 17093.2 2283
53 35 15484.7 1920
54 35 15606.4 2127
55 35 17348.9 2250
56 35 16651.3 2152
57 35 14429.2 1646
58 35 14818.6 1963
59 35 16157.4 2091
60 35 17204.6 2174
61 40 19169.7 2355
62 40 19846.4 2432
63 40 19903.5 2357
64 40 19864 2441
65 40 19677.2 2351
66 40 20696.4 2514
67 40 21054.5 2677
68 40 22302.9 2804
69 40 19903.8 2375
70 40 20096.6 2252
71 45 27082.3 2853
72 45 24695.5 2801
73 45 23680 2827
74 45 23501.3 2824
75 45 22684.7 2614
76 45 24407.6 2866
77 45 21509.8 2291
78 45 25515.3 3091
79 45 24948 2990
80 45 25658.8 3189
81 50 28389.4 3173
82 50 27865.5 3158
83 50 31251.6 3796
84 50 30214.7 3744
85 50 31358.5 3900
86 50 30384 3523
87 50 29464.2 3380
88 50 27405.8 3168
89 50 29124.9 3514
90 50 28540.8 3260
91 55 31544.8 3332
92 55 36622 4453
93 55 36847.2 4403
94 55 34044.2 3778
95 55 34671.7 3759
96 55 33808.9 3874
97 55 34621.4 3691
98 55 35861.1 4316
99 55 36721.9 4248
100 55 37119 4397
