15392
1 10 20725.5 1012
2 10 15512.8 711
3 10 18833.5 879
4 10 17947.8 899
5 10 17306.3 762
6 10 17601.2 719
7 10 18498 888
8 10 20125.2 912
9 10 20504.8 832
10 10 21293.9 920
11 15 35591.1 1561
12 15 37481.5 1599
13 15 37578.7 1423
14 15 31345.7 1169
15 15 33365.2 1471
16 15 32665.2 1139
17 15 32901.9 1361
18 15 36051.3 1625
19 15 41785.2 1625
20 15 29084.7 1050
21 20 44986.4 1282
22 20 38522.9 1079
23 20 45521.1 1547
24 20 43308.5 1432
25 20 49324.5 1691
26 20 46828.7 1477
27 20 47925.3 1684
28 20 57567 1912
29 20 46460.6 1292
30 20 49052 1685
31 25 63144.7 1519
32 25 58761.8 1395
33 25 64538.2 1452
34 25 64900.6 1611
35 25 63673.3 1380
36 25 67766 1870
37 25 63939.5 1654
38 25 69982.2 1726
39 25 71583.7 1980
40 25 59898.8 1563
41 30 95850.9 1991
42 30 91397.8 1853
43 30 87130.1 1642
44 30 89646.2 1867
45 30 84548.4 1626
46 30 91445.8 1774
47 30 90803.6 1719
48 30 89142.3 1834
49 30 93157.3 1962
50 30 93323.7 2009
51 35 127969 2276
52 35 124133 2064
53 35 125434 2101
54 35 125557 2066
55 35 135509 2463
56 35 133070 2361
57 35 127339 2169
58 35 138920 2551
59 35 130147 2249
60 35 128711 2119
61 40 177002 2567
62 40 181329 2470
63 40 181742 2611
64 40 183176 2840
65 40 183813 2844
66 40 179267 2441
67 40 182518 2649
68 40 182904 2749
69 40 176346 2463
70 40 180910 2538
71 45 242556 2736
72 45 254518 3355
73 45 250152 3012
74 45 250920 3082
75 45 252832 3084
76 45 238570 2578
77 45 244797 2886
78 45 251058 3078
79 45 243369 2862
80 45 254279 3689
81 50 357155 4591
82 50 340836 3653
83 50 326081 3083
84 50 347709 3910
85 50 331708 3117
86 50 337480 3464
87 50 337337 3632
88 50 339893 3910
89 50 331788 3326
90 50 348850 4050
91 55 455140 4458
92 55 447086 4034
93 55 455431 4197
94 55 451904 4053
95 55 444935 3802
96 55 444534 3942
97 55 454154 4365
98 55 452995 4162
99 55 448991 4042
100 55 458172 4188
