1 10 13970 701 818 117
2 10 16768.6 828 976 148
3 10 11996 577 694 117
4 10 16248.7 835 1002 167
5 10 14801.9 678 808 130
6 10 17856.3 944 1117 173
7 10 17814.8 1010 1151 141
8 10 16364.8 772 901 129
9 10 15384.6 835 981 146
10 10 13635.6 648 755 107
11 15 25067 1081 1250 169
12 15 23439.6 866 1085 219
13 15 30882.7 1533 1756 223
14 15 25375.1 1014 1205 191
15 15 24293 989 1177 188
16 15 27335.1 1174 1416 242
17 15 23428.4 940 1128 188
18 15 30111.1 1162 1458 296
19 15 25418.9 1066 1292 226
20 15 27775.6 1239 1493 254
21 20 37517.3 1178 1473 295
22 20 32575.4 991 1228 237
23 20 40585.1 1404 1771 367
24 20 31074.1 877 1158 281
25 20 38910.6 1357 1687 330
26 20 35267.9 1197 1446 249
27 20 35821.2 1120 1393 273
28 20 38000.2 1465 1725 260
29 20 34361.2 1005 1243 238
30 20 35618.7 1079 1395 316
31 25 52020.3 1350 1729 379
32 25 54590.1 1442 1836 394
33 25 56290.6 1501 1866 365
34 25 51091.7 1205 1598 393
35 25 57900.2 1655 2073 418
36 25 54808.6 1500 1877 377
37 25 53628.3 1428 1787 359
38 25 51581.8 1267 1579 312
39 25 52073.4 1401 1774 373
40 25 49070.2 1186 1548 362
41 30 76506.1 1512 1980 468
42 30 77526.3 1552 2040 488
43 30 80811.1 1787 2302 515
44 30 73431 1432 1860 428
45 30 77757.4 1491 1952 461
46 30 82757.5 1917 2416 499
47 30 75525.7 1467 1927 460
48 30 79445.8 1635 2159 524
49 30 81598.4 1792 2292 500
50 30 80916.5 1737 2211 474
51 35 113685 2058 2607 549
52 35 119929 2283 2978 695
53 35 112395 1920 2519 599
54 35 114659 2127 2684 557
55 35 122017 2250 2947 697
56 35 118278 2152 2727 575
57 35 108819 1646 2211 565
58 35 110909 1963 2571 608
59 35 116880 2091 2741 650
60 35 121429 2174 2889 715
61 40 162962 2355 3070 715
62 40 165098 2432 3179 747
63 40 166370 2357 3159 802
64 40 164268 2441 3267 826
65 40 164599 2351 3152 801
66 40 167815 2514 3261 747
67 40 169610 2677 3494 817
68 40 175326 2804 3668 864
69 40 164546 2375 3129 754
70 40 163618 2252 2987 735
71 45 230612 2853 3814 961
72 45 230544 2801 3755 954
73 45 227429 2827 3723 896
74 45 227055 2824 3747 923
75 45 223947 2614 3563 949
76 45 230926 2866 3937 1071
77 45 218625 2291 3154 863
78 45 235941 3091 4091 1000
79 45 232842 2990 3930 940
80 45 235917 3189 4211 1022
81 50 312786 3173 4281 1108
82 50 310021 3158 4221 1063
83 50 325678 3796 5010 1214
84 50 319238 3744 4909 1165
85 50 325146 3900 5174 1274
86 50 318937 3523 4692 1169
87 50 318141 3380 4602 1222
88 50 308543 3168 4234 1066
89 50 315071 3514 4595 1081
90 50 312931 3260 4292 1032
91 55 413026 3332 4623 1291
92 55 434682 4453 5871 1418
93 55 435886 4403 5930 1527
94 55 425090 3778 5161 1383
95 55 425959 3759 5071 1312
96 55 422262 3874 5233 1359
97 55 427283 3691 5120 1429
98 55 431305 4316 5749 1433
99 55 435216 4248 5654 1406
100 55 436698 4397 5907 1510
