1 10 31286 701 818 117
2 10 35661.7 828 976 148
3 10 23374.9 577 694 117
4 10 35124.4 835 1002 167
5 10 29913.9 678 808 130
6 10 35753.9 944 1117 173
7 10 39627.9 1010 1151 141
8 10 40153.4 772 901 129
9 10 37546.7 835 981 146
10 10 30461.1 648 755 107
11 15 52368 1081 1250 169
12 15 46923.4 866 1085 219
13 15 62801.7 1533 1756 223
14 15 54110.7 1014 1205 191
15 15 52187.8 989 1177 188
16 15 61289.5 1174 1416 242
17 15 45271.4 940 1128 188
18 15 67704.8 1162 1458 296
19 15 55640.1 1066 1292 226
20 15 62849.9 1239 1493 254
21 20 83234.5 1178 1473 295
22 20 68093.3 991 1228 237
23 20 84355 1404 1771 367
24 20 68419.4 877 1158 281
25 20 81272.2 1357 1687 330
26 20 75202.4 1197 1446 249
27 20 77190.1 1120 1393 273
28 20 84148.1 1465 1725 260
29 20 71093.2 1005 1243 238
30 20 73855.5 1079 1395 316
31 25 107345 1350 1729 379
32 25 113218 1442 1836 394
33 25 109797 1501 1866 365
34 25 98148.3 1205 1598 393
35 25 112505 1655 2073 418
36 25 107834 1500 1877 377
37 25 104289 1428 1787 359
38 25 99169.6 1267 1579 312
39 25 102669 1401 1774 373
40 25 96815.5 1186 1548 362
41 30 148261 1512 1980 468
42 30 144850 1552 2040 488
43 30 158073 1787 2302 515
44 30 136049 1432 1860 428
45 30 143018 1491 1952 461
46 30 164375 1917 2416 499
47 30 142206 1467 1927 460
48 30 162497 1635 2159 524
49 30 156233 1792 2292 500
50 30 157469 1737 2211 474
51 35 220589 2058 2607 549
52 35 227941 2283 2978 695
53 35 212016 1920 2519 599
54 35 221698 2127 2684 557
55 35 235700 2250 2947 697
56 35 223509 2152 2727 575
57 35 202076 1646 2211 565
58 35 211560 1963 2571 608
59 35 219888 2091 2741 650
60 35 235242 2174 2889 715
61 40 289288 2355 3070 715
62 40 300698 2432 3179 747
63 40 303744 2357 3159 802
64 40 303917 2441 3267 826
65 40 307703 2351 3152 801
66 40 299984 2514 3261 747
67 40 315727 2677 3494 817
68 40 323174 2804 3668 864
69 40 304850 2375 3129 754
70 40 303360 2252 2987 735
71 45 404228 2853 3814 961
72 45 397751 2801 3755 954
73 45 394734 2827 3723 896
74 45 392623 2824 3747 923
75 45 390252 2614 3563 949
76 45 412932 2866 3937 1071
77 45 380260 2291 3154 863
78 45 416070 3091 4091 1000
79 45 398805 2990 3930 940
80 45 423831 3189 4211 1022
81 50 534724 3173 4281 1108
82 50 526250 3158 4221 1063
83 50 562266 3796 5010 1214
84 50 549968 3744 4909 1165
85 50 568961 3900 5174 1274
86 50 543021 3523 4692 1169
87 50 544197 3380 4602 1222
88 50 527313 3168 4234 1066
89 50 547674 3514 4595 1081
90 50 527012 3260 4292 1032
91 55 673140 3332 4623 1291
92 55 722323 4453 5871 1418
93 55 740048 4403 5930 1527
94 55 709192 3778 5161 1383
95 55 708286 3759 5071 1312
96 55 709177 3874 5233 1359
97 55 709959 3691 5120 1429
98 55 727947 4316 5749 1433
99 55 730662 4248 5654 1406
100 55 731828 4397 5907 1510
