1 10 12396.9 300 701
2 10 14051 358 828
3 10 9545.3 271 577
4 10 13241.7 391 835
5 10 11446 282 678
6 10 14301.2 359 944
7 10 14356 378 1010
8 10 12921.7 378 772
9 10 11821.4 343 835
10 10 10932.1 289 648
11 15 18061.3 515 1081
12 15 16338.4 405 866
13 15 24356.9 619 1533
14 15 18013.7 449 1014
15 15 17395.6 457 989
16 15 19863.8 549 1174
17 15 16074.2 439 940
18 15 21352.2 527 1162
19 15 17979.7 547 1066
20 15 21162.3 564 1239
21 20 23237.1 541 1178
22 20 18579.4 495 991
23 20 26283.3 613 1404
24 20 17677.7 432 877
25 20 24669.7 581 1357
26 20 21983.5 512 1197
27 20 21371.8 491 1120
28 20 24738.7 630 1465
29 20 20586.9 485 1005
30 20 21546.8 523 1079
31 25 27006.7 565 1350
32 25 28764.4 619 1442
33 25 30053.4 675 1501
34 25 26293 540 1205
35 25 31774.2 679 1655
36 25 28991.5 635 1500
37 25 27868 581 1428
38 25 26023.2 582 1267
39 25 26864.9 592 1401
40 25 24327.5 531 1186
41 30 32514 594 1512
42 30 33191.7 644 1552
43 30 36484.1 678 1787
44 30 30540.4 595 1432
45 30 33093.1 595 1491
46 30 37843.3 744 1917
47 30 31464.9 596 1467
48 30 34460.1 672 1635
49 30 36951.1 708 1792
50 30 36104.6 662 1737
51 35 42422 790 2058
52 35 47657 772 2283
53 35 41018.2 745 1920
54 35 42680.5 700 2127
55 35 47744.5 806 2250
56 35 45923.5 764 2152
57 35 37729.4 670 1646
58 35 40114.9 689 1963
59 35 44303.5 777 2091
60 35 48170.8 811 2174
61 40 51260.1 777 2355
62 40 54198.4 815 2432
63 40 54255.7 753 2357
64 40 53965.5 740 2441
65 40 52696 807 2351
66 40 55810.4 822 2514
67 40 56562.7 870 2677
68 40 61271.9 860 2804
69 40 53054.2 796 2375
70 40 52066.6 742 2252
71 45 64141.4 914 2853
72 45 64487.1 838 2801
73 45 61957.3 831 2827
74 45 61156.8 813 2824
75 45 58116.8 795 2614
76 45 64244 839 2866
77 45 54778.6 722 2291
78 45 68170.5 915 3091
79 45 66951.9 882 2990
80 45 68769.7 927 3189
81 50 73806.5 877 3173
82 50 72350.7 869 3158
83 50 84565.3 975 3796
84 50 80523.3 951 3744
85 50 83933.7 970 3900
86 50 79184.1 922 3523
87 50 76996 912 3380
88 50 69813 829 3168
89 50 76444.7 882 3514
90 50 73590.7 896 3260
91 55 79259.1 891 3332
92 55 97990.5 1080 4453
93 55 97629.2 1061 4403
94 55 87631.1 988 3778
95 55 89548.5 948 3759
96 55 86941.5 961 3874
97 55 90340.2 943 3691
98 55 94052.4 1028 4316
99 55 97688.1 1033 4248
100 55 98591.8 1084 4397
