45176
1 10 29335.6 701
2 10 32877.7 935
3 10 31230.3 639
4 10 37391.8 881
5 10 31176.1 766
6 10 33654.7 779
7 10 32295.9 838
8 10 26394.3 516
9 10 31925.6 875
10 10 33564.5 827
11 15 64321.8 1683
12 15 59900 1433
13 15 52137 1493
14 15 61710.8 1608
15 15 68304.5 1769
16 15 65819.8 1762
17 15 63691 1780
18 15 63733.3 1833
19 15 63471.7 1760
20 15 70471.6 1809
21 20 90226.9 1975
22 20 89400 1940
23 20 82850 1649
24 20 72886.5 1539
25 20 83625.2 1702
26 20 81859.5 1741
27 20 74712.7 1656
28 20 74802.8 1499
29 20 92032.3 2121
30 20 75674.3 1602
31 25 111029 2113
32 25 119588 2291
33 25 114627 2054
34 25 128598 2587
35 25 124954 2432
36 25 119942 2425
37 25 120937 2315
38 25 120546 2431
39 25 113504 2292
40 25 119582 2118
41 30 151597 2530
42 30 170748 2791
43 30 163633 2897
44 30 160123 2706
45 30 164515 2791
46 30 170272 3042
47 30 172329 3063
48 30 154066 2543
49 30 164029 2733
50 30 170011 3011
51 35 229626 3516
52 35 215993 3138
53 35 222504 3236
54 35 244128 3880
55 35 228063 3414
56 35 207816 3129
57 35 238343 3943
58 35 223371 3424
59 35 221236 3395
60 35 236546 3605
61 40 322912 4758
62 40 305202 4207
63 40 293664 3893
64 40 283448 3655
65 40 310128 4119
66 40 296627 4010
67 40 313870 4322
68 40 298315 4070
69 40 314832 4345
70 40 307164 4274
71 45 394650 4820
72 45 416789 5448
73 45 418578 5424
74 45 386645 4493
75 45 401615 4847
76 45 401011 5098
77 45 398254 4985
78 45 400410 4921
79 45 405200 5419
80 45 376636 4338
81 50 545304 6690
82 50 533874 6152
83 50 524913 6145
84 50 503878 5204
85 50 550591 6550
86 50 541602 6783
87 50 515495 5752
88 50 532198 6186
89 50 524942 6009
90 50 528475 6065
91 55 673256 6946
92 55 668373 6824
93 55 685141 7510
94 55 680178 6913
95 55 684282 6970
96 55 697913 7537
97 55 649672 6565
98 55 685414 7330
99 55 652432 6635
100 55 691024 7445
