21813
1 10 16014.4  701
2 10 16248.6  935
3 10 14846.2  639
4 10 18396.8  881
5 10 15057.8  766
6 10 16853  779
7 10 15913.3  838
8 10 12630.8  516
9 10 15252.6  875
10 10 16994.4  827
11 15 29415.5  1683
12 15 27049.4  1433
13 15 24163.3  1493
14 15 28939.1  1608
15 15 31608.9  1769
16 15 31613.3  1762
17 15 29595.7  1780
18 15 30695  1833
19 15 29851.7  1760
20 15 32635.1  1809
21 20 38287.2  1975
22 20 37038.9  1940
23 20 34129.6  1649
24 20 29854.2  1539
25 20 33727  1702
26 20 33708.3  1741
27 20 29842.4  1656
28 20 29499.4  1499
29 20 39676.2  2121
30 20 31271.2  1602
31 25 41679.8  2113
32 25 45728.1  2291
33 25 42912.5  2054
34 25 50406.7  2587
35 25 49185  2432
36 25 46956.1  2425
37 25 46626.2  2315
38 25 47127.8  2431
39 25 42942.8  2292
40 25 44621.6  2118
41 30 51769.7  2530
42 30 60888.4  2791
43 30 57512.5  2897
44 30 55707.4  2706
45 30 57902.6  2791
46 30 60683.3  3042
47 30 61646.6  3063
48 30 53378.6  2543
49 30 57607.6  2733
50 30 61646.5  3011
51 35 72999.9  3516
52 35 68783.9  3138
53 35 71400.6  3236
54 35 81214.1  3880
55 35 74818.4  3414
56 35 65933.7  3129
57 35 80547  3943
58 35 72627.5  3424
59 35 71495.5  3395
60 35 77919.6  3605
61 40 99384.2  4758
62 40 93228.3  4207
63 40 84960.2  3893
64 40 80419.5  3655
65 40 92261.8  4119
66 40 86194.8  4010
67 40 95324.6  4322
68 40 86612.4  4070
69 40 97180.1  4345
70 40 91439.1  4274
71 45 106214  4820
72 45 116488  5448
73 45 116361  5424
74 45 102546  4493
75 45 109527  4847
76 45 110830  5098
77 45 108801  4985
78 45 110485  4921
79 45 112856  5419
80 45 98016.2  4338
81 50 145477  6690
82 50 136792  6152
83 50 134749  6145
84 50 121959  5204
85 50 144738  6550
86 50 141935  6783
87 50 130281  5752
88 50 138518  6186
89 50 133648  6009
90 50 135082  6065
91 55 157497  6946
92 55 154577  6824
93 55 162586  7510
94 55 159795  6913
95 55 162034  6970
96 55 169621  7537
97 55 145308  6565
98 55 163918  7330
99 55 147053  6635
100 55 165711  7445
