44215
1 10 16742.8 701 858 157
2 10 18366.8 935 1106 171
3 10 17652.8 639 828 189
4 10 21126.2 881 1063 182
5 10 17566.6 766 919 153
6 10 19078.6 779 999 220
7 10 18027.9 838 1019 181
8 10 14793.2 516 660 144
9 10 18198.1 875 1080 205
10 10 19245.8 827 1022 195
11 15 35989.6 1683 1996 313
12 15 34292.5 1433 1789 356
13 15 29596.8 1493 1799 306
14 15 34330.6 1608 1991 383
15 15 38393.5 1769 2189 420
16 15 37742.7 1762 2164 402
17 15 36141.7 1780 2145 365
18 15 35981.4 1833 2200 367
19 15 36346.2 1760 2085 325
20 15 39562.1 1809 2188 379
21 20 51706.5 1975 2462 487
22 20 51263.4 1940 2452 512
23 20 47762.3 1649 2138 489
24 20 42489.6 1539 1930 391
25 20 48353.9 1702 2176 474
26 20 46676.7 1741 2146 405
27 20 43022.6 1656 2098 442
28 20 42908.3 1499 1942 443
29 20 53166 2121 2618 497
30 20 44337.1 1602 2010 408
31 25 66152.6 2113 2719 606
32 25 70752.1 2291 2904 613
33 25 68991.9 2054 2674 620
34 25 75602.9 2587 3263 676
35 25 73509.7 2432 3084 652
36 25 71029.4 2425 3106 681
37 25 72002.6 2315 3006 691
38 25 72615.1 2431 3081 650
39 25 67808.5 2292 2916 624
40 25 70533 2118 2682 564
41 30 95789.8 2530 3243 713
42 30 104903 2791 3619 828
43 30 101308 2897 3682 785
44 30 99663.9 2706 3467 761
45 30 103097 2791 3586 795
46 30 104420 3042 3830 788
47 30 106536 3063 3940 877
48 30 96223.9 2543 3331 788
49 30 101099 2733 3517 784
50 30 105078 3011 3869 858
51 35 146576 3516 4504 988
52 35 140160 3138 4163 1025
53 35 143423 3236 4222 986
54 35 153908 3880 4941 1061
55 35 146361 3414 4415 1001
56 35 136194 3129 4054 925
57 35 151634 3943 5054 1111
58 35 144598 3424 4495 1071
59 35 143220 3395 4529 1134
60 35 152247 3605 4767 1162
61 40 210885 4758 6110 1352
62 40 203338 4207 5578 1371
63 40 197306 3893 5145 1252
64 40 191122 3655 4956 1301
65 40 205204 4119 5506 1387
66 40 197767 4010 5247 1237
67 40 207976 4322 5746 1424
68 40 198704 4070 5386 1316
69 40 209319 4345 5651 1306
70 40 204053 4274 5636 1362
71 45 272078 4820 6474 1654
72 45 285074 5448 7174 1726
73 45 285422 5424 7151 1727
74 45 268321 4493 6088 1595
75 45 277273 4847 6538 1691
76 45 276410 5098 6744 1646
77 45 275425 4985 6614 1629
78 45 275604 4921 6564 1643
79 45 278642 5419 7129 1710
80 45 263178 4338 5807 1469
81 50 384048 6690 8809 2119
82 50 377539 6152 8161 2009
83 50 372264 6145 8145 2000
84 50 361032 5204 7155 1951
85 50 386180 6550 8714 2164
86 50 382336 6783 8868 2085
87 50 367674 5752 7716 1964
88 50 377108 6186 8202 2016
89 50 372337 6009 8014 2005
90 50 374726 6065 8006 1941
91 55 492660 6946 9188 2242
92 55 488217 6824 9125 2301
93 55 497689 7510 9890 2380
94 55 496116 6913 9325 2412
95 55 497220 6970 9451 2481
96 55 505323 7537 9989 2452
97 55 479824 6565 8792 2227
98 55 499834 7330 9729 2399
99 55 480727 6635 8795 2160
100 55 501450 7445 9807 2362
