12464
1 10 4643.4 701
2 10 4781.4 935
3 10 4132.2 639
4 10 4908.3 881
5 10 4248.3 766
6 10 4510.2 779
7 10 4378.1 838
8 10 3538.5 516
9 10 4363 875
10 10 4505.6 827
11 15 8607.8 1683
12 15 7964 1433
13 15 7179 1493
14 15 8283.3 1608
15 15 9125.9 1769
16 15 8875.5 1762
17 15 8595.5 1780
18 15 8627.9 1833
19 15 8622.9 1760
20 15 9378.6 1809
21 20 11576.8 1975
22 20 11482.9 1940
23 20 10552.5 1649
24 20 9434.4 1539
25 20 10701.2 1702
26 20 10489.2 1741
27 20 9672.5 1656
28 20 9718.9 1499
29 20 12170.4 2121
30 20 9749.3 1602
31 25 13474.2 2113
32 25 14676.2 2291
33 25 13953 2054
34 25 16030.2 2587
35 25 15444.7 2432
36 25 14838.2 2425
37 25 14730.1 2315
38 25 14806.9 2431
39 25 14017.6 2292
40 25 14352.4 2118
41 30 17425.2 2530
42 30 19459.4 2791
43 30 18930.5 2897
44 30 18408.7 2706
45 30 18965.8 2791
46 30 19724.6 3042
47 30 19905.5 3063
48 30 17667.2 2543
49 30 18735 2733
50 30 19884 3011
51 35 24592 3516
52 35 23087.6 3138
53 35 23885.3 3236
54 35 26441.3 3880
55 35 24674.4 3414
56 35 22217.4 3129
57 35 25975.2 3943
58 35 24021.4 3424
59 35 23933.6 3395
60 35 25695.4 3605
61 40 33015.5 4758
62 40 30901.8 4207
63 40 29024.7 3893
64 40 27796.1 3655
65 40 31038 4119
66 40 29479.1 4010
67 40 31535.9 4322
68 40 29592.4 4070
69 40 31801 4345
70 40 30923.5 4274
71 45 36516.6 4820
72 45 39368 5448
73 45 39298.8 5424
74 45 35527.1 4493
75 45 37382.7 4847
76 45 37528.5 5098
77 45 36834.1 4985
78 45 37065.2 4921
79 45 37976.3 5419
80 45 34285.1 4338
81 50 48136.9 6690
82 50 46414.5 6152
83 50 45388.5 6145
84 50 42453.2 5204
85 50 48496.9 6550
86 50 47567.5 6783
87 50 44155.5 5752
88 50 46193.8 6186
89 50 45186.4 6009
90 50 45663.4 6065
91 55 53727.4 6946
92 55 52915.7 6824
93 55 55333.8 7510
94 55 54588.5 6913
95 55 54886.8 6970
96 55 56819.6 7537
97 55 50904.4 6565
98 55 55439.5 7330
99 55 51233.9 6635
100 55 55993.2 7445
