130483
1 10 129032 1729
2 10 130666 1752
3 10 102849 1235
4 10 125070 1738
5 10 142003 2337
6 10 125653 1830
7 10 153818 2767
8 10 108498 1315
9 10 131980 1823
10 10 131009 2018
11 15 250224 3962
12 15 224734 3000
13 15 247234 3747
14 15 234457 3303
15 15 231105 3589
16 15 229022 3287
17 15 215724 2869
18 15 189354 2294
19 15 218775 2920
20 15 205680 2789
21 20 282728 3320
22 20 273464 3166
23 20 252767 2503
24 20 292080 3456
25 20 228987 2158
26 20 276381 3159
27 20 235732 2205
28 20 282294 3103
29 20 266892 2981
30 20 277569 2782
31 25 286526 2405
32 25 322182 3283
33 25 303139 2441
34 25 304846 2615
35 25 344761 3403
36 25 346132 3229
37 25 330293 3447
38 25 328733 2856
39 25 309627 2429
40 25 334296 2864
41 30 376931 2632
42 30 439000 3812
43 30 400733 3120
44 30 441584 3205
45 30 434644 3231
46 30 432741 3675
47 30 425514 3776
48 30 429775 3631
49 30 449821 3752
50 30 412208 3130
51 35 596612 5031
52 35 538111 3864
53 35 542691 3943
54 35 623936 5610
55 35 552982 4066
56 35 530359 3465
57 35 570673 5011
58 35 479881 3216
59 35 569877 4719
60 35 548997 3651
61 40 675637 4634
62 40 687342 4836
63 40 677462 4813
64 40 720615 5103
65 40 665736 4712
66 40 706769 4854
67 40 667557 4392
68 40 682101 4680
69 40 677674 4937
70 40 681610 4516
71 45 853933 5026
72 45 856364 5349
73 45 891481 6166
74 45 849480 5394
75 45 907639 6039
76 45 842673 5079
77 45 855329 5571
78 45 796568 4790
79 45 906483 5984
80 45 879805 5476
81 50 1.05078e+06 6160
82 50 1.07913e+06 6590
83 50 1.05577e+06 5801
84 50 1.00209e+06 5505
85 50 1.04428e+06 6495
86 50 1.06772e+06 6480
87 50 1.09539e+06 6297
88 50 1.01005e+06 5781
89 50 1.0847e+06 6544
90 50 998059 5519
91 55 1.52012e+06 8119
92 55 1.5093e+06 6911
93 55 1.59923e+06 7644
94 55 1.35883e+06 5751
95 55 1.5533e+06 6952
96 55 1.57355e+06 7417
97 55 1.57827e+06 6962
98 55 1.56486e+06 7402
99 55 1.58571e+06 7982
100 55 1.44151e+06 6453
