27198
1 10 8596.6 1729
2 10 8279.8 1752
3 10 6502.3 1235
4 10 7803.2 1738
5 10 8968.5 2337
6 10 7836.7 1830
7 10 10744.6 2767
8 10 6722.8 1315
9 10 7970.2 1823
10 10 8300.8 2018
11 15 16078.8 3962
12 15 13984.4 3000
13 15 15385.7 3747
14 15 14515.4 3303
15 15 14326.1 3589
16 15 14401.4 3287
17 15 13237.9 2869
18 15 11593.4 2294
19 15 13665.7 2920
20 15 12536.9 2789
21 20 16932.2 3320
22 20 16432.8 3166
23 20 14925.3 2503
24 20 17667.8 3456
25 20 13523.8 2158
26 20 16672.3 3159
27 20 14097.9 2205
28 20 17081.1 3103
29 20 15866.5 2981
30 20 16270 2782
31 25 16720.7 2405
32 25 19172.5 3283
33 25 17738.8 2441
34 25 17745.9 2615
35 25 20471.3 3403
36 25 20573.8 3229
37 25 19395.5 3447
38 25 21703.7 2856
39 25 17921.1 2429
40 25 19255.3 2864
41 30 21476.8 2632
42 30 25624.1 3812
43 30 22993.4 3120
44 30 25304.6 3205
45 30 24376.2 3231
46 30 24748.2 3675
47 30 24271.9 3776
48 30 24745.5 3631
49 30 25692.2 3752
50 30 23539.8 3130
51 35 33741.7 5031
52 35 29731.7 3864
53 35 29982.2 3943
54 35 35091.8 5610
55 35 30574.9 4066
56 35 29224.5 3465
57 35 32154.1 5011
58 35 26277.1 3216
59 35 32207.3 4719
60 35 30033.5 3651
61 40 36435.5 4634
62 40 36931.3 4836
63 40 36341.8 4813
64 40 38998.3 5103
65 40 35829.4 4712
66 40 38345.1 4854
67 40 35649.3 4392
68 40 36853.5 4680
69 40 36544.6 4937
70 40 36855.3 4516
71 45 43994.6 5026
72 45 44288.7 5349
73 45 46688.4 6166
74 45 44062.2 5394
75 45 47123.6 6039
76 45 43495.3 5079
77 45 44601 5571
78 45 40858.6 4790
79 45 47390.7 5984
80 45 45724.7 5476
81 50 52310.3 6160
82 50 54456 6590
83 50 52794.3 5801
84 50 50399 5505
85 50 52817.3 6495
86 50 53783.9 6480
87 50 55099.3 6297
88 50 50878.5 5781
89 50 54855.6 6544
90 50 49925.6 5519
91 55 65491.3 8119
92 55 63451.4 6911
93 55 66738.6 7644
94 55 55317.8 5751
95 55 62809 6952
96 55 63007 7417
97 55 62377.5 6962
98 55 65587.4 7402
99 55 67164.5 7982
100 55 59344.4 6453
