106616
1 10 27367.9 1729 1943 214
2 10 32531.3 1752 1984 232
3 10 23021 1235 1405 170
4 10 29021.4 1738 1960 222
5 10 31272.1 2337 2595 258
6 10 27377.6 1830 2068 238
7 10 35275.6 2767 3028 261
8 10 24140.4 1315 1539 224
9 10 29085.3 1823 2058 235
10 10 28702.5 2018 2254 236
11 15 58088.6 3962 4437 475
12 15 52127.3 3000 3387 387
13 15 56953 3747 4243 496
14 15 52552.9 3303 3736 433
15 15 52278.8 3589 4030 441
16 15 52182.7 3287 3739 452
17 15 48749.2 2869 3243 374
18 15 42025.1 2294 2651 357
19 15 47977.2 2920 3318 398
20 15 45694.9 2789 3160 371
21 20 64906.4 3320 3756 436
22 20 63419.6 3166 3599 433
23 20 57137 2503 2926 423
24 20 67578.5 3456 3955 499
25 20 51567.4 2158 2549 391
26 20 64596.3 3159 3637 478
27 20 53049.2 2205 2600 395
28 20 64988.4 3103 3676 573
29 20 61641 2981 3435 454
30 20 63328.7 2782 3290 508
31 25 71304.9 2405 2900 495
32 25 78833.6 3283 3822 539
33 25 74383.8 2441 2929 488
34 25 73762 2615 3080 465
35 25 83600.7 3403 4032 629
36 25 83668.8 3229 3866 637
37 25 79705.6 3447 4006 559
38 25 80735.6 2856 3384 528
39 25 76336.4 2429 2921 492
40 25 80249.2 2864 3384 520
41 30 99438.9 2632 3177 545
42 30 116154 3812 4554 742
43 30 105448 3120 3765 645
44 30 114391 3205 3893 688
45 30 113108 3231 3861 630
46 30 112184 3675 4341 666
47 30 111478 3776 4477 701
48 30 111838 3631 4251 620
49 30 117642 3752 4566 814
50 30 109538 3130 3770 640
51 35 165262 5031 5926 895
52 35 154056 3864 4608 744
53 35 152442 3943 4732 789
54 35 173236 5610 6668 1058
55 35 154990 4066 4899 833
56 35 151085 3465 4260 795
57 35 159347 5011 5863 852
58 35 140112 3216 3987 771
59 35 159188 4719 5632 913
60 35 155023 3651 4363 712
61 40 206685 4634 5593 959
62 40 210295 4836 5818 982
63 40 206695 4813 5776 963
64 40 218239 5103 6244 1141
65 40 207133 4712 5685 973
66 40 214129 4854 5855 1001
67 40 205787 4392 5410 1018
68 40 210725 4680 5632 952
69 40 206189 4937 5870 933
70 40 209051 4516 5509 993
71 45 283269 5026 6254 1228
72 45 283656 5349 6517 1168
73 45 291507 6166 7395 1229
74 45 282360 5394 6547 1153
75 45 294470 6039 7442 1403
76 45 279245 5079 6199 1120
77 45 282915 5571 6830 1259
78 45 270296 4790 5907 1117
79 45 294578 5984 7326 1342
80 45 288514 5476 6668 1192
81 50 375893 6160 7618 1458
82 50 382034 6590 8041 1451
83 50 377236 5801 7266 1465
84 50 365371 5505 6836 1331
85 50 374506 6495 7895 1400
86 50 378856 6480 7940 1460
87 50 385865 6297 7729 1432
88 50 368208 5781 7121 1340
89 50 383689 6544 7950 1406
90 50 364968 5519 6817 1298
91 55 505046 8119 9855 1736
92 55 497834 6911 8560 1649
93 55 534069 7644 9363 1719
94 55 484980 5751 7125 1374
95 55 499966 6952 8648 1696
96 55 496364 7417 9134 1717
97 55 502274 6962 8607 1645
98 55 506183 7402 9178 1776
99 55 511090 7982 9871 1889
100 55 484988 6453 8152 1699
