35106
1 10 26370  1729
2 10 26542  1752
3 10 19769.7  1235
4 10 24966.2  1738
5 10 31648.3  2337
6 10 26157.5  1830
7 10 39992.9  2767
8 10 23211.3  1315
9 10 27811.4  1823
10 10 37043.9  2018
11 15 63082.6  3962
12 15 48184.8  3000
13 15 55008.2  3747
14 15 49538.5  3303
15 15 50735  3589
16 15 48947.9  3287
17 15 44883.1  2869
18 15 36977.7  2294
19 15 44921.4  2920
20 15 41434.3  2789
21 20 56339.7  3320
22 20 53874.9  3166
23 20 46917.8  2503
24 20 57328  3456
25 20 40675.3  2158
26 20 53779.2  3159
27 20 42266.6  2205
28 20 54725.5  3103
29 20 51517.8  2981
30 20 51006.1  2782
31 25 48856.9  2405
32 25 59816.7  3283
33 25 52083  2441
34 25 51804.2  2615
35 25 62346.6  3403
36 25 61831.2  3229
37 25 58120.7  3447
38 25 56575.7  2856
39 25 52854.8  2429
40 25 57585.1  2864
41 30 59460.9  2632
42 30 75705.3  3812
43 30 64012.6  3120
44 30 72053.8  3205
45 30 70876.6  3231
46 30 72155.5  3675
47 30 70578.3  3776
48 30 71146.1  3631
49 30 76837.2  3752
50 30 67592.7  3130
51 35 97101.6  5031
52 35 85333  3864
53 35 84967.4  3943
54 35 104179  5610
55 35 89594.9  4066
56 35 81852.9  3465
57 35 93856  5011
58 35 72304.6  3216
59 35 92843.7  4719
60 35 85345.9  3651
61 40 101797  4634
62 40 104887  4836
63 40 100788  4813
64 40 110327  5103
65 40 99960.6  4712
66 40 109806  4854
67 40 98907.9  4392
68 40 102316  4680
69 40 100788  4937
70 40 101973  4516
71 45 122348  5026
72 45 124678  5349
73 45 130349  6166
74 45 120974  5394
75 45 135770  6039
76 45 118572  5079
77 45 122635  5571
78 45 110236  4790
79 45 135032  5984
80 45 127282  5476
81 50 153055  6160
82 50 149578  6590
83 50 144644  5801
84 50 131579  5505
85 50 142949  6495
86 50 148369  6480
87 50 152104  6297
88 50 135665  5781
89 50 147957  6544
90 50 135188  5519
91 55 178333  8119
92 55 167876  6911
93 55 184636  7644
94 55 143007  5751
95 55 168617  6952
96 55 171909  7417
97 55 166346  6962
98 55 177273  7402
99 55 183900  7982
100 55 154719  6453
