7236
1 10 14064.5  1012
2 10 10326.1  711
3 10 12835.1  879
4 10 12461.7  899
5 10 11433.6  762
6 10 11100.2  719
7 10 12446.8  888
8 10 12564.4  912
9 10 14073.9  832
10 10 14282.3  920
11 15 23349  1561
12 15 24628.5  1599
13 15 24038.1  1423
14 15 18925.8  1169
15 15 21087.5  1471
16 15 19449.7  1139
17 15 20719  1361
18 15 24201.9  1625
19 15 28156.3  1625
20 15 17844.2  1050
21 20 24563.3  1282
22 20 20600.5  1079
23 20 26588.3  1547
24 20 24045.4  1432
25 20 28786.1  1691
26 20 25311.7  1477
27 20 27013.6  1684
28 20 33222.6  1912
29 20 23894  1292
30 20 27957  1685
31 25 29311.9  1519
32 25 28399.8  1395
33 25 28894.8  1452
34 25 30349.1  1611
35 25 29150.3  1380
36 25 35206.8  1870
37 25 31237.9  1654
38 25 34823.4  1726
39 25 36716.6  1980
40 25 27556.8  1563
41 30 40206.1  1991
42 30 39377.7  1853
43 30 34561.5  1642
44 30 37987  1867
45 30 34379.1  1626
46 30 36346.8  1774
47 30 36096.9  1719
48 30 36406.9  1834
49 30 38119.8  1962
50 30 39144.8  2009
51 35 44705.8  2276
52 35 42585.9  2064
53 35 43111.4  2101
54 35 43248.7  2066
55 35 48807.9  2463
56 35 48972  2361
57 35 44540.3  2169
58 35 54301.2  2551
59 35 45289.7  2249
60 35 45526.7  2119
61 40 52780.5  2567
62 40 55155.8  2470
63 40 55442.1  2611
64 40 56641.6  2840
65 40 57071.9  2844
66 40 53336.5  2441
67 40 55963.4  2649
68 40 56280.3  2749
69 40 52608.4  2463
70 40 54720.3  2538
71 45 61184.1  2736
72 45 69710.2  3355
73 45 67006.9  3012
74 45 66566.4  3082
75 45 68786.8  3084
76 45 58881.6  2578
77 45 62972.4  2886
78 45 68024.9  3078
79 45 62650  2862
80 45 71881.8  3689
81 50 94175.8  4591
82 50 80356.2  3653
83 50 70795.2  3083
84 50 85504.4  3910
85 50 74384  3117
86 50 78949.1  3464
87 50 77197.4  3632
88 50 80590.8  3910
89 50 73545.6  3326
90 50 86123.7  4050
91 55 97110.1  4458
92 55 91396.2  4034
93 55 93758.1  4197
94 55 89699.5  4053
95 55 85699  3802
96 55 86830.5  3942
97 55 94988.4  4365
98 55 92286.4  4162
99 55 90837.3  4042
100 55 97133.1  4188
