25566
1 10 16632.2 1012 1166 154
2 10 13201.7 711 809 98
3 10 16873.6 879 1010 131
4 10 16598.2 899 1039 140
5 10 15212.7 762 897 135
6 10 15211.8 719 854 135
7 10 16003.2 888 1034 146
8 10 15975.5 912 1068 156
9 10 19155.9 832 976 144
10 10 18424.8 920 1115 195
11 15 30697.3 1561 1825 264
12 15 32991.4 1599 1887 288
13 15 33708.4 1423 1704 281
14 15 26967.4 1169 1421 252
15 15 29012.4 1471 1701 230
16 15 28342.7 1139 1405 266
17 15 28651.2 1361 1635 274
18 15 31442.2 1625 1948 323
19 15 37278.3 1625 1990 365
20 15 25277.5 1050 1271 221
21 20 39318.4 1282 1583 301
22 20 33851 1079 1299 220
23 20 40755.7 1547 1899 352
24 20 38249.2 1432 1758 326
25 20 43534.5 1691 2027 336
26 20 41429.6 1477 1754 277
27 20 41385.2 1684 2025 341
28 20 49353.4 1912 2285 373
29 20 38101.9 1292 1638 346
30 20 42539.8 1685 2029 344
31 25 55581.1 1519 1924 405
32 25 50813.7 1395 1708 313
33 25 54706.2 1452 1776 324
34 25 56508.8 1611 1950 339
35 25 55127.4 1380 1747 367
36 25 59491.5 1870 2326 456
37 25 56735 1654 2061 407
38 25 60918.9 1726 2145 419
39 25 63050.8 1980 2464 484
40 25 52924.4 1563 1929 366
41 30 85845.7 1991 2503 512
42 30 82099.9 1853 2354 501
43 30 77743.5 1642 2063 421
44 30 81135.4 1867 2337 470
45 30 75997.5 1626 2046 420
46 30 80549.9 1774 2233 459
47 30 81272.7 1719 2197 478
48 30 79972.4 1834 2299 465
49 30 83248.8 1962 2475 513
50 30 83764.6 2009 2533 524
51 35 115769 2276 2832 556
52 35 112896 2064 2649 585
53 35 114106 2101 2687 586
54 35 114251 2066 2672 606
55 35 122582 2463 3115 652
56 35 120372 2361 3021 660
57 35 116114 2169 2764 595
58 35 126298 2551 3309 758
59 35 117333 2249 2892 643
60 35 117423 2119 2776 657
61 40 162981 2567 3358 791
62 40 166773 2470 3207 737
63 40 166081 2611 3358 747
64 40 168678 2840 3635 795
65 40 168312 2844 3628 784
66 40 164753 2441 3179 738
67 40 167847 2649 3424 775
68 40 167593 2749 3471 722
69 40 162329 2463 3170 707
70 40 167051 2538 3280 742
71 45 226918 2736 3591 855
72 45 235648 3355 4286 931
73 45 232448 3012 3961 949
74 45 231728 3082 3993 911
75 45 235331 3084 3999 915
76 45 223190 2578 3440 862
77 45 229242 2886 3717 831
78 45 234024 3078 3918 840
79 45 227261 2862 3710 848
80 45 236843 3689 4746 1057
81 50 333824 4591 5914 1323
82 50 319784 3653 4754 1101
83 50 307859 3083 4104 1021
84 50 326791 3910 5061 1151
85 50 313192 3117 4195 1078
86 50 317279 3464 4581 1117
87 50 315920 3632 4761 1129
88 50 320405 3910 5136 1226
89 50 311867 3326 4367 1041
90 50 326957 4050 5225 1175
91 55 430749 4458 5759 1301
92 55 423576 4034 5281 1247
93 55 426277 4197 5538 1341
94 55 422747 4053 5316 1263
95 55 417636 3802 4995 1193
96 55 420676 3942 5203 1261
97 55 429085 4365 5728 1363
98 55 427149 4162 5548 1386
99 55 424004 4042 5263 1221
100 55 435950 4188 5643 1455
