6901
1 10 5149.9 1012
2 10 3478.7 711
3 10 3871.5 879
4 10 3884.4 899
5 10 3572.4 762
6 10 3563.6 719
7 10 3841.2 888
8 10 3853 912
9 10 4129.1 832
10 10 4278.2 920
11 15 7128.8 1561
12 15 7589.3 1599
13 15 7382.2 1423
14 15 6039.8 1169
15 15 7022.9 1471
16 15 6362.6 1139
17 15 6845.5 1361
18 15 7526.6 1625
19 15 8281.7 1625
20 15 6009.4 1050
21 20 8433.3 1282
22 20 7071.6 1079
23 20 8761.8 1547
24 20 8013.7 1432
25 20 9413.8 1691
26 20 8687.7 1477
27 20 8848.8 1684
28 20 10389.9 1912
29 20 8071.8 1292
30 20 9103.4 1685
31 25 10318.1 1519
32 25 9391 1395
33 25 10184.6 1452
34 25 11008.2 1611
35 25 10710.8 1380
36 25 11578.6 1870
37 25 10946.8 1654
38 25 13349.6 1726
39 25 12145.6 1980
40 25 9769.9 1563
41 30 14222.7 1991
42 30 13362.8 1853
43 30 12408.3 1642
44 30 13097.1 1867
45 30 11970.9 1626
46 30 13030.5 1774
47 30 13114 1719
48 30 13048.4 1834
49 30 13716 1962
50 30 13863.7 2009
51 35 16527.6 2276
52 35 15876.8 2064
53 35 16081.8 2101
54 35 16663.1 2066
55 35 18538.6 2463
56 35 18529.2 2361
57 35 16896.4 2169
58 35 18684.9 2551
59 35 17013.8 2249
60 35 17082.6 2119
61 40 20363.9 2567
62 40 21143.8 2470
63 40 21253.6 2611
64 40 21312.3 2840
65 40 21424.6 2844
66 40 20351.1 2441
67 40 20847.9 2649
68 40 21078.4 2749
69 40 19808.5 2463
70 40 20596.1 2538
71 45 23924.3 2736
72 45 26479.9 3355
73 45 25302.5 3012
74 45 25310.3 3082
75 45 25845.8 3084
76 45 23139.3 2578
77 45 25526.4 2886
78 45 25674 3078
79 45 24196.1 2862
80 45 26682.4 3689
81 50 35106.9 4591
82 50 31398.9 3653
83 50 28362.8 3083
84 50 32524.4 3910
85 50 28762.2 3117
86 50 30147.5 3464
87 50 29992.1 3632
88 50 30848.2 3910
89 50 28896.8 3326
90 50 32488.4 4050
91 55 36891.4 4458
92 55 35625.9 4034
93 55 36100.8 4197
94 55 35115.2 4053
95 55 33566.1 3802
96 55 34537.1 3942
97 55 36450.7 4365
98 55 35947.6 4162
99 55 35295.4 4042
100 55 37065 4188
